%YAML:1.0
---
model_type: PINHOLE
camera_name: camera
image_width: 640
image_height: 480
distortion_parameters:
   k1: 0.0
   k2: 0.0
   p1: 0.0
   p2: 0.0
projection_parameters:
   fx: 388.0011901855469
   fy: 388.0011901855469
   cx: 319.771728515625
   cy: 246.53561401367188
